0 0.32486 0.00114 0.001 0.67301 0.32707 0.00118 0.00105 0.67071
1 0.21907 0.00131 0.00099 0.77862 0.22092 0.00144 0.00105 0.77658
2 0.16676 0.00107 0.00091 0.83125 0.16803 0.00123 0.00098 0.82976
3 0.14006 0.00108 0.00085 0.85801 0.14318 0.00123 0.00094 0.85466
4 0.1174 0.00101 0.00086 0.88074 0.12005 0.0012 0.00093 0.87782
5 0.10056 0.00094 0.00081 0.89769 0.10391 0.00114 0.0009 0.89405
6 0.08424 0.00089 0.00079 0.91408 0.08727 0.00107 0.00086 0.9108
7 0.0705 0.00086 0.00079 0.92785 0.07312 0.00104 0.00086 0.92498
8 0.06006 0.00085 0.00076 0.93833 0.06263 0.00099 0.00084 0.93554
9 0.05197 0.00081 0.00074 0.94648 0.05433 0.00097 0.00082 0.94388
10 0.04552 0.0008 0.00074 0.95294 0.04779 0.00094 0.00079 0.95049
11 0.04124 0.00081 0.00072 0.95723 0.04332 0.00093 0.00079 0.95497
12 0.03769 0.00083 0.00074 0.96074 0.03956 0.00095 0.0008 0.95869
13 0.03484 0.00083 0.00072 0.96361 0.03631 0.00093 0.00078 0.96198
14 0.03233 0.00083 0.00073 0.96611 0.03364 0.00097 0.00078 0.96461
15 0.03065 0.00083 0.00072 0.9678 0.03174 0.00093 0.00078 0.96654
16 0.02932 0.00082 0.00071 0.96916 0.03027 0.00094 0.00076 0.96804
17 0.02796 0.00083 0.00076 0.97045 0.02896 0.00093 0.0008 0.96932
18 0.02664 0.00081 0.00073 0.97183 0.02757 0.00092 0.00078 0.97073
19 0.02523 0.00082 0.00073 0.97322 0.02617 0.00092 0.00082 0.97208
20 0.02391 0.00081 0.00071 0.97457 0.02483 0.0009 0.00077 0.97351
21 0.02283 0.0008 0.00067 0.97571 0.02377 0.0009 0.00076 0.97457
22 0.02191 0.00085 0.00073 0.97651 0.02284 0.00092 0.00077 0.97547
23 0.02109 0.00084 0.0007 0.97736 0.02197 0.0009 0.00075 0.97638
24 0.02018 0.00085 0.00075 0.97823 0.02098 0.00092 0.00077 0.97733
25 0.01944 0.00086 0.00073 0.97898 0.02025 0.00093 0.00078 0.97805
26 0.01888 0.00085 0.00073 0.97954 0.01966 0.00092 0.00077 0.97866
27 0.01811 0.00089 0.00077 0.98023 0.01892 0.00096 0.0008 0.97932
28 0.01765 0.00091 0.00076 0.98068 0.01828 0.00097 0.00079 0.97996
29 0.01707 0.00091 0.00075 0.98127 0.01764 0.00098 0.00081 0.98057